1512694521.0
1512679674.0
1512684209.0
1512689493.0
1512703027.0
1512658927.0
1512645222.0
1512693807.0
1512698284.0
1512695417.0
1512685536.0
1512717528.0
1512677309.0
1512679648.0
1512694045.0
1512682072.0
1512706763.0
1512716257.0
1512710811.0
1512686503.0
1512622340.0
1512675389.0
1512683335.0
1512713617.0
1512674773.0
1512716320.0
1512685526.0
1512625300.0
1512629309.0
1512687320.0
1512689708.0
1512693788.0
1512713304.0
1512602405.0
1512668753.0
1512607724.0
1512711075.0
1512635042.0
1512678517.0
1512621287.0
1512718736.0
1512685549.0
1512687321.0
1512687956.0
1512683160.0
1512626102.0
1512703505.0
1512711857.0
1512628360.0
1512697064.0
1512714088.0
1512592459.0
1512696146.0
1512588644.0
1512696505.0
1512706297.0
1512687091.0
1512689630.0
1512713017.0
1512694941.0
1512665794.0
1512639751.0
1512716059.0
1512689226.0
1512700891.0
1512646020.0
1512604932.0
1512611561.0
1512695226.0
1512682288.0
1512614826.0
1512655522.0
1512695733.0
1512596374.0
1512695297.0
1512685526.0
1512605333.0
1512698906.0
1512628036.0
1512707474.0
1512703427.0
1512682983.0
1512654983.0
1512635257.0
1512638280.0
1512588076.0
1512684654.0
1512636207.0
1512631736.0
1512610942.0
1512644231.0
1512648684.0
1512685629.0
1512716851.0
1512642895.0
1512696738.0
1512701060.0
1512661221.0
1512678556.0
1512712768.0
1512699399.0
1512672690.0
1512694816.0
1512664568.0
1512687449.0
1512685792.0
1512658456.0
1512697597.0
1512669646.0
1512678076.0
1512670408.0
1512694165.0
1512686736.0
1512707228.0
1512701902.0
1512707508.0
1512671100.0
1512691603.0
1512687688.0
1512708659.0
1512694817.0
1512621660.0
1512694551.0
1512687274.0
1512709741.0
1512667052.0
1512689967.0
1512698889.0
1512695936.0
1512684570.0
1512710872.0
1512636783.0
1512699848.0
1512665039.0
1512715533.0
1512695125.0
1512696341.0
1512648113.0
1512684079.0
1512701312.0
1512707361.0
1512695018.0
1512693008.0
1512694704.0
1512644702.0
1512645218.0
1512614313.0
1512701993.0
1512688289.0
1512702997.0
1512687932.0
1512717980.0
1512600026.0
1512595180.0
1512719588.0
1512693494.0
1512711977.0
1512720305.0
1512672034.0
1512702062.0
1512696022.0
1512709442.0
1512713433.0
1512702497.0
1512702657.0
1512702770.0
1512694088.0
1512694979.0
1512678684.0
1512701877.0
1512714635.0
1512705233.0
1512718751.0
1512675066.0
1512699782.0
1512702696.0
1512716227.0
1512694012.0
1512704527.0
1512688174.0
1512702989.0
1512706667.0
1512698000.0
1512695230.0
1512664739.0
1512702806.0
1512702739.0
1512701690.0
1512702535.0
1512700481.0
1512703148.0
1512584405.0
1512702407.0
1512710318.0
1512673519.0
1512698217.0
1512702084.0
1512696778.0
1512697545.0
1512652797.0
1504579845.0
1512689761.0
1512682804.0
1512621662.0
1512703273.0
1512682317.0
1512696470.0
1512700614.0
1512703236.0
1512704599.0
1512704597.0
1512712671.0
1512697828.0
1512683885.0
1512705213.0
1512667729.0
1512711500.0
1512717961.0
1512628671.0
1512677130.0
1512709140.0
1512708649.0
1512660752.0
1512607419.0
1512720784.0
1512689891.0
1512720104.0
1512663099.0
1512706506.0
1512615223.0
1512612263.0
1512647010.0
1512715414.0
1512608044.0
1512627252.0
1512577007.0
1512696176.0
1512546998.0
1512597882.0
1512662179.0
1512628791.0
1512579530.0
1512639470.0
1512689626.0
1512716213.0
1512701162.0
1512618177.0
1512609030.0
1512609957.0
1512602728.0
1512628176.0
1512579134.0
1512611306.0
1512703522.0
1512716413.0
1512624715.0
1512632533.0
1512664947.0
1512625326.0
1512633324.0
1512604560.0
1512578518.0
1512586161.0
1512583176.0
1512671126.0
1512631009.0
1512611851.0
1512598861.0
1512585626.0
1512630130.0
1512527545.0
1512606594.0
1512533326.0
1512628195.0
1512575424.0
1512602782.0
1512602733.0
1512580840.0
1512562043.0
1512501253.0
1512555061.0
1512610901.0
1512580389.0
1512539458.0
1512502160.0
1512536698.0
1512620047.0
1512549512.0
1512619797.0
1512535284.0
1512560178.0
1512526136.0
1512656230.0
1512566910.0
1512534240.0
1512593166.0
1512562869.0
1512614076.0
1512536333.0
1512536749.0
1512645752.0
